df218227-b5ec-5e44-abda-9fa0ca8dc770	634a0260-8ba6-5718-b331-78a361ed41a0	{}	{}	{}
73c3d977-7b95-5600-8f01-639c123c81c7	85b078e9-a90d-58f9-b936-c3cf0b092c5b	{}	{}	{}
d46ac16a-5d6f-5949-a572-1059a3e007ae	5aa81103-53c1-5ebb-840a-f55ee4b51a97	{}	{}	{}
34162095-e790-53d2-903c-335716dbb146	82ee1cad-78b2-5863-9826-7ea1dd21abb4	{}	{}	{}
388c3c5d-3d51-5fdb-b14b-a0a2ab27c38f	538652d3-c657-50c7-bf4a-c045b4691ac9	{}	{}	{}
fd247147-2d5a-562f-9ea3-5af7b96d3dc9	de1a124f-e3fe-5dab-8592-fb45d83e272f	{}	{}	{}
32276b9f-043b-5d29-85c3-1c87dd8cea28	929b9016-97d9-55b6-94c6-1918faea3c4e	{}	{}	{}
1202dca3-bdef-530e-b67e-e867468416f8	472b9dfe-86ad-5dfd-8257-51fd2d284dad	{}	{}	{}
8e353c47-74d6-577e-901b-eb91530ff9aa	ddae5626-a295-53e3-b8a2-f86cca41bf6a	{}	{}	{}
ecc70769-6723-5ae2-ae13-098bdb0529fb	e9268d7b-7508-5553-a320-4ad1222161ba	{}	{}	{}
